0.0,52.71317829457364,55.81395348837209,49.411764705882355,red
0.0,71.8562874251497,73.65269461077844,34.509803921568626,red
0.0,74.66666666666666,76.66666666666667,41.17647058823529,red
0.0,48.93617021276596,51.77304964539009,44.705882352941174,red
0.0,74.70588235294116,81.76470588235294,33.333333333333336,red
0.0,58.285714285714285,54.285714285714285,31.372549019607842,red
0.0,71.24999999999999,63.124999999999986,37.254901960784316,red
0.0,77.77777777777779,79.16666666666666,15.294117647058824,red
0.0,70.1086956521739,64.67391304347827,27.84313725490196,red
0.0,72.65625000000001,64.84374999999999,49.80392156862745,red
0.0,46.40000000000001,49.6,50.98039215686274,red
0.0,76.84210526315789,76.84210526315789,25.49019607843137,red
0.0,72.18934911242604,71.59763313609467,33.72549019607843,red
0.0,67.39130434782608,61.95652173913043,27.84313725490196,red
0.0,76.71957671957671,76.71957671957671,25.882352941176467,red
0.0,65.4970760233918,67.83625730994152,32.94117647058824,red
0.0,48.360655737704924,50.0,52.15686274509803,red
0.0,55.08474576271186,57.62711864406781,53.72549019607843,red
0.0,67.58241758241758,48.9010989010989,28.627450980392155,red
0.0,69.10994764397905,63.87434554973823,25.098039215686274,red
0.0,70.73170731707317,71.70731707317074,19.6078431372549,red
0.0,69.10112359550563,64.6067415730337,30.196078431372552,red
0.0,70.49180327868852,69.39890710382514,28.235294117647058,red
0.0,71.11111111111113,52.77777777777779,29.411764705882348,red
0.0,70.73170731707317,72.6829268292683,19.6078431372549,red
0.0,65.88235294117646,68.8235294117647,33.333333333333336,red
0.0,77.29729729729729,83.78378378378379,27.450980392156865,red
0.0,55.46875,57.03125,49.80392156862745,red
0.0,48.55072463768116,51.44927536231884,45.88235294117647,red
0.0,67.53246753246754,70.77922077922078,39.6078431372549,red
0.0,54.166666666666664,53.333333333333336,52.94117647058824,red
0.0,71.42857142857144,75.27472527472527,28.627450980392155,red
0.0,68.15642458100558,49.16201117318435,29.803921568627455,red
0.0,74.15730337078651,74.7191011235955,30.196078431372552,red
0.0,54.91803278688525,55.73770491803279,52.15686274509803,red
0.0,75.0,76.19047619047619,34.11764705882353,red
0.0,65.26315789473685,60.52631578947367,25.49019607843137,red
0.0,71.51162790697676,76.74418604651163,32.549019607843135,red
0.0,75.1592356687898,77.70700636942675,38.431372549019606,red
0.0,71.50837988826815,68.71508379888269,29.803921568627455,red
0.0,44.27480916030534,45.801526717557245,48.62745098039216,red
0.0,74.46808510638297,72.3404255319149,26.274509803921564,red
0.0,68.92655367231639,66.66666666666666,30.58823529411765,red
0.0,64.28571428571428,58.673469387755105,23.13725490196078,red
0.0,65.9090909090909,59.84848484848484,48.23529411764705,red
0.0,71.09004739336491,72.98578199052133,17.25490196078432,red
0.0,72.28915662650603,69.87951807228916,34.90196078431372,red
0.0,66.47398843930637,67.05202312138728,32.15686274509804,red
0.0,77.94871794871794,75.8974358974359,23.529411764705888,red
0.0,46.153846153846146,49.23076923076923,49.01960784313726,red
0.0,71.09004739336491,71.56398104265402,17.25490196078432,red
0.0,76.04166666666666,78.125,24.705882352941178,red
0.0,69.14285714285714,69.14285714285714,31.372549019607842,red
0.0,42.95774647887324,46.478873239436616,44.31372549019608,red
0.0,64.55026455026456,70.37037037037037,25.882352941176467,red
0.0,70.1657458563536,65.74585635359117,29.01960784313725,red
0.0,66.15384615384615,59.48717948717949,23.529411764705888,red
0.0,55.37190082644627,57.851239669421496,52.54901960784314,red
0.0,67.29559748427674,69.81132075471697,37.64705882352941,red
0.0,75.13513513513513,75.13513513513513,27.450980392156865,red
0.0,68.18181818181817,65.9090909090909,30.980392156862745,red
0.0,69.88636363636364,71.02272727272728,30.980392156862745,red
0.0,61.79775280898877,57.30337078651685,30.196078431372552,red
0.0,55.645161290322584,58.06451612903227,51.37254901960784,red
0.0,67.29559748427674,71.0691823899371,37.64705882352941,red
0.0,66.83417085427136,59.2964824120603,21.96078431372549,red
0.0,66.84491978609624,71.65775401069519,26.66666666666667,red
0.0,65.18987341772153,48.73417721518988,38.03921568627451,red
0.0,46.564885496183194,49.61832061068702,48.62745098039216,red
0.0,73.59550561797754,73.03370786516854,30.196078431372552,red
0.0,71.06598984771574,70.05076142131979,22.745098039215684,red
0.0,68.23529411764704,71.17647058823529,33.333333333333336,red
0.0,70.98765432098764,72.83950617283949,36.47058823529412,red
0.0,69.5906432748538,70.17543859649123,32.94117647058824,red
0.0,72.89156626506023,75.90361445783132,34.90196078431372,red
0.0,55.462184873949575,57.14285714285715,53.333333333333336,red
0.0,63.08724832214765,65.10067114093961,41.56862745098039,red
0.0,65.76086956521739,62.500000000000014,27.84313725490196,red
0.0,68.83116883116884,74.02597402597402,39.6078431372549,red
0.0,66.46341463414635,49.39024390243903,35.686274509803916,red
0.0,75.97765363128491,83.24022346368714,29.803921568627455,red
0.0,69.76744186046511,72.55813953488371,15.686274509803921,red
0.0,76.40449438202246,75.28089887640449,30.196078431372552,red
0.0,78.98089171974523,84.71337579617835,38.431372549019606,red
0.0,73.52941176470587,74.50980392156865,19.999999999999996,red
0.0,63.58381502890174,61.84971098265897,32.15686274509804,red
0.0,59.44055944055945,55.244755244755254,43.92156862745098,red
0.0,74.42922374429224,74.88584474885845,14.117647058823534,red
0.0,47.28682170542637,50.3875968992248,49.411764705882355,red
0.0,72.04968944099377,76.3975155279503,36.86274509803922,red
0.0,62.89308176100627,49.685534591194966,37.64705882352941,red
0.0,65.5367231638418,69.4915254237288,30.58823529411765,red
0.0,66.88741721854305,71.523178807947,40.78431372549019,red
0.0,65.95744680851064,60.63829787234042,26.274509803921564,red
0.0,63.29787234042554,57.446808510638306,26.274509803921564,red
0.0,48.43750000000001,51.5625,49.80392156862745,red
0.0,67.39130434782608,65.21739130434783,27.84313725490196,red
0.0,60.150375939849624,55.63909774436089,47.843137254901954,red
0.0,73.26732673267327,74.75247524752476,20.7843137254902,red
0.0,75.72815533980582,75.72815533980582,19.215686274509803,red
0.0,59.3939393939394,46.06060606060607,35.29411764705882,red
0.0,70.19867549668874,66.22516556291392,40.78431372549019,red
0.0,75.53191489361703,78.19148936170212,26.274509803921564,red
0.0,68.78980891719746,72.61146496815286,38.431372549019606,red
0.0,71.67630057803468,64.73988439306359,32.15686274509804,red
0.0,67.85714285714285,72.61904761904762,34.11764705882353,red
0.0,65.86826347305389,66.46706586826348,34.509803921568626,red
0.0,73.33333333333333,73.33333333333333,35.29411764705882,red
0.0,58.03571428571428,59.821428571428555,56.07843137254902,red
0.0,79.51807228915662,78.31325301204821,34.90196078431372,red
0.0,72.6775956284153,53.00546448087431,28.235294117647058,red
0.0,61.073825503355714,62.41610738255034,41.56862745098039,red
0.0,74.07407407407408,72.83950617283949,36.47058823529412,red
0.0,60.95890410958904,62.32876712328766,42.74509803921569,red
0.0,46.368715083798875,45.2513966480447,29.803921568627455,red
0.0,69.00584795321637,73.09941520467835,32.94117647058824,red
0.0,63.124999999999986,69.375,37.254901960784316,red
0.0,53.17460317460316,51.58730158730158,50.588235294117645,red
0.0,52.67175572519083,55.72519083969466,48.62745098039216,red
0.0,68.6046511627907,61.04651162790699,32.549019607843135,red
0.0,66.30434782608695,60.32608695652174,27.84313725490196,red
0.0,62.82722513089005,69.63350785340315,25.098039215686274,red
0.0,75.95628415300546,74.31693989071037,28.235294117647058,red
0.0,77.22772277227722,78.7128712871287,20.7843137254902,red
0.0,70.83333333333334,70.83333333333334,34.11764705882353,red
0.0,65.51724137931035,66.0919540229885,31.76470588235294,red
0.0,72.98578199052133,74.88151658767772,17.25490196078432,red
0.0,74.13793103448275,81.0344827586207,31.76470588235294,red
0.0,18.965517241379306,86.7816091954023,31.76470588235294,yellow
0.0,34.653465346534645,94.55445544554456,20.7843137254902,yellow
1.1363636363636325,0.0,82.95454545454545,30.980392156862745,yellow
0.0,18.823529411764707,86.47058823529412,33.333333333333336,yellow
0.0,12.5,79.6875,24.705882352941178,yellow
0.0,18.59296482412061,77.38693467336682,21.96078431372549,yellow
0.0,18.857142857142854,85.14285714285714,31.372549019607842,yellow
0.0,21.686746987951818,88.55421686746988,34.90196078431372,yellow
0.0,27.41116751269036,85.78680203045684,22.745098039215684,yellow
0.0,27.878787878787882,75.75757575757575,35.29411764705882,yellow
0.0,32.38636363636363,88.06818181818181,30.980392156862745,yellow
0.0,16.315789473684212,82.63157894736842,25.49019607843137,yellow
0.5376344086021487,0.0,75.80645161290322,27.058823529411768,yellow
0.0,26.582278481012672,92.40506329113923,38.03921568627451,yellow
0.0,12.258064516129027,70.96774193548386,39.21568627450981,yellow
0.0,34.18367346938776,88.26530612244898,23.13725490196078,yellow
0.0,15.527950310559005,84.472049689441,36.86274509803922,yellow
0.0,12.258064516129027,72.90322580645162,39.21568627450981,yellow
0.0,25.308641975308642,90.74074074074073,36.47058823529412,yellow
0.0,0.0,74.72527472527473,28.627450980392155,yellow
0.0,23.214285714285715,80.95238095238095,34.11764705882353,yellow
0.0,21.14285714285715,87.99999999999999,31.372549019607842,yellow
0.0,17.989417989418,87.3015873015873,25.882352941176467,yellow
0.5319148936170345,0.0,73.93617021276596,26.274509803921564,yellow
0.0,18.333333333333346,82.77777777777777,29.411764705882348,yellow
0.0,20.90395480225988,87.00564971751412,30.58823529411765,yellow
0.0,26.486486486486484,82.70270270270271,27.450980392156865,yellow
0.0,31.111111111111107,74.07407407407408,47.05882352941176,yellow
0.0,17.34104046242775,82.08092485549133,32.15686274509804,yellow
0.0,11.309523809523803,76.78571428571428,34.11764705882353,yellow
0.0,16.279069767441868,86.62790697674419,32.549019607843135,yellow
0.0,20.21276595744681,77.65957446808511,26.274509803921564,yellow
0.0,23.391812865497077,80.11695906432749,32.94117647058824,yellow
0.0,26.455026455026463,82.01058201058201,25.882352941176467,yellow
0.0,0.5376344086021487,74.19354838709677,27.058823529411768,yellow
0.0,30.85714285714286,94.28571428571429,31.372549019607842,yellow
0.0,33.84615384615384,86.66666666666667,23.529411764705888,yellow
0.0,15.723270440251568,85.53459119496856,37.64705882352941,yellow
0.0,31.343283582089544,74.6268656716418,47.45098039215686,yellow
0.0,12.578616352201266,70.44025157232704,37.64705882352941,yellow
0.0,15.882352941176464,81.76470588235294,33.333333333333336,yellow
1.1049723756906196,0.0,76.79558011049724,29.01960784313725,yellow
0.0,18.857142857142854,85.71428571428572,31.372549019607842,yellow
0.0,15.476190476190471,87.49999999999999,34.11764705882353,yellow
0.0,25.654450261780106,82.72251308900523,25.098039215686274,yellow
0.0,31.73652694610779,90.41916167664671,34.509803921568626,yellow
0.0,14.117647058823529,81.76470588235294,33.333333333333336,yellow
0.0,20.634920634920636,90.47619047619048,25.882352941176467,yellow
0.0,12.499999999999991,73.75,37.254901960784316,yellow
0.0,14.285714285714283,81.14285714285715,31.372549019607842,yellow
0.0,17.877094972067038,83.79888268156424,29.803921568627455,yellow
0.0,26.881720430107524,83.33333333333333,27.058823529411768,yellow
0.0,21.93548387096774,90.32258064516128,39.21568627450981,yellow
0.0,26.486486486486484,76.75675675675674,27.450980392156865,yellow
0.0,18.378378378378375,89.1891891891892,27.450980392156865,yellow
0.0,13.548387096774183,76.12903225806451,39.21568627450981,yellow
0.0,27.083333333333325,80.72916666666666,24.705882352941178,yellow
0.0,22.90502793296089,83.24022346368714,29.803921568627455,yellow
0.0,16.666666666666668,82.22222222222221,29.411764705882348,yellow
0.0,17.766497461928942,77.66497461928932,22.745098039215684,yellow
0.0,20.000000000000004,78.94736842105263,25.49019607843137,yellow
0.0,12.903225806451605,74.83870967741935,39.21568627450981,yellow
0.0,16.374269005847946,83.04093567251462,32.94117647058824,yellow
0.0,13.291139240506336,77.84810126582279,38.03921568627451,yellow
0.0,25.41436464088398,81.76795580110497,29.01960784313725,yellow
0.0,31.506849315068497,75.34246575342468,42.74509803921569,yellow
0.0,18.497109826589593,87.28323699421965,32.15686274509804,yellow
0.0,15.957446808510642,84.57446808510637,26.274509803921564,yellow
0.0,22.22222222222221,89.47368421052632,32.94117647058824,yellow
0.0,12.738853503184721,84.07643312101911,38.431372549019606,yellow
0.0,23.668639053254438,85.79881656804734,33.72549019607843,yellow
0.0,20.625,71.87499999999999,37.254901960784316,yellow
0.0,22.699386503067476,81.59509202453987,36.078431372549026,yellow
0.0,18.902439024390244,72.5609756097561,35.686274509803916,yellow
0.0,27.380952380952365,72.61904761904762,34.11764705882353,yellow
0.0,17.610062893081768,88.0503144654088,37.64705882352941,yellow
0.0,21.893491124260343,86.3905325443787,33.72549019607843,yellow
0.0,29.383886255924164,86.7298578199052,17.25490196078432,yellow
0.0,19.337016574585643,83.97790055248619,29.01960784313725,yellow
0.0,16.315789473684212,87.36842105263159,25.49019607843137,yellow
0.0,13.612565445026172,87.95811518324606,25.098039215686274,yellow
0.0,16.129032258064505,83.87096774193547,27.058823529411768,yellow
0.0,27.894736842105267,85.78947368421053,25.49019607843137,yellow
0.0,31.2977099236641,73.28244274809161,48.62745098039216,yellow
0.0,21.649484536082472,82.9896907216495,23.921568627450984,yellow
0.0,26.943005181347147,85.4922279792746,24.31372549019608,yellow
0.0,24.581005586592173,92.73743016759775,29.803921568627455,yellow
0.0,17.91907514450867,82.08092485549133,32.15686274509804,yellow
0.0,27.47252747252747,82.41758241758241,28.627450980392155,yellow
0.0,20.000000000000004,74.0,41.17647058823529,yellow
0.0,17.449664429530195,81.87919463087249,41.56862745098039,yellow
0.0,19.209039548022595,82.48587570621469,30.58823529411765,yellow
0.0,14.857142857142852,85.71428571428572,31.372549019607842,yellow
0.0,17.751479289940832,86.98224852071006,33.72549019607843,yellow
0.0,16.83168316831683,76.23762376237624,20.7843137254902,yellow
0.0,30.65693430656934,72.26277372262773,46.27450980392157,yellow
0.0,20.11834319526627,82.84023668639053,33.72549019607843,yellow
0.0,19.108280254777075,72.61146496815286,38.431372549019606,yellow
0.0,13.372093023255815,76.74418604651163,32.549019607843135,yellow
0.0,19.35483870967741,71.61290322580645,39.21568627450981,yellow
0.0,14.074074074074087,76.29629629629629,47.05882352941176,yellow
0.0,28.780487804878057,90.2439024390244,19.6078431372549,yellow
0.0,32.36994219653181,89.59537572254335,32.15686274509804,yellow
0.0,33.33333333333333,90.0497512437811,21.176470588235297,yellow
0.0,18.285714285714285,84.0,31.372549019607842,yellow
0.0,20.710059171597628,89.3491124260355,33.72549019607843,yellow
0.0,27.329192546583858,75.15527950310559,36.86274509803922,yellow
0.0,27.461139896373048,86.52849740932643,24.31372549019608,yellow
0.0,23.809523809523814,84.12698412698413,25.882352941176467,yellow
0.0,20.454545454545446,88.06818181818181,30.980392156862745,yellow
0.0,23.115577889447238,83.41708542713569,21.96078431372549,yellow
0.0,36.78756476683937,90.15544041450778,24.31372549019608,yellow
0.0,16.46341463414635,85.97560975609755,35.686274509803916,yellow
0.0,19.101123595505616,79.2134831460674,30.196078431372552,yellow
0.0,20.90395480225988,84.18079096045197,30.58823529411765,yellow
0.0,14.659685863874353,81.67539267015708,25.098039215686274,yellow
0.0,18.35443037974684,74.68354430379746,38.03921568627451,yellow
0.0,19.230769230769234,73.71794871794873,38.8235294117647,yellow
0.0,29.850746268656714,70.89552238805969,47.45098039215686,yellow
0.0,14.720812182741122,82.74111675126903,22.745098039215684,yellow
0.0,17.41293532338308,74.12935323383086,21.176470588235297,yellow
33.73493975903613,0.0,32.5301204819277,67.45098039215686,green
39.13043478260869,0.0,61.739130434782595,54.90196078431373,green
37.64705882352939,0.0,32.941176470588225,66.66666666666667,green
34.06593406593406,0.0,35.164835164835154,64.31372549019608,green
41.02564102564102,0.0,38.46153846153847,69.41176470588235,green
66.94915254237289,0.0,53.38983050847458,53.72549019607843,green
72.26890756302521,0.0,46.21848739495798,53.333333333333336,green
40.16393442622952,0.0,25.40983606557377,52.15686274509803,green
48.73949579831932,0.0,32.773109243697476,53.333333333333336,green
60.185185185185176,0.0,57.407407407407405,57.647058823529406,green
32.97872340425532,0.0,48.93617021276596,63.13725490196078,green
22.77227722772275,0.0,48.51485148514852,60.392156862745104,green
31.16883116883116,0.0,25.974025974025988,69.80392156862744,green
69.49152542372883,0.0,61.01694915254237,53.72549019607843,green
27.7777777777778,0.0,35.55555555555558,64.70588235294117,green
27.88461538461537,0.0,30.76923076923077,59.21568627450981,green
31.53153153153152,0.0,35.13513513513514,56.470588235294116,green
41.30434782608695,0.0,45.65217391304349,63.921568627450974,green
72.26890756302521,0.0,57.14285714285715,53.333333333333336,green
32.18390804597699,0.0,28.735632183908038,65.88235294117646,green
21.568627450980397,0.0,44.117647058823536,60.0,green
60.43956043956046,0.0,50.54945054945055,64.31372549019608,green
56.14035087719299,0.0,53.50877192982455,55.294117647058826,green
47.16981132075473,0.0,27.35849056603774,58.4313725490196,green
49.999999999999986,0.0,33.89830508474576,53.72549019607843,green
37.93103448275861,0.0,34.482758620689665,65.88235294117646,green
48.83720930232558,0.0,54.26356589147285,49.411764705882355,green
57.009345794392516,0.0,57.009345794392516,58.0392156862745,green
63.70967741935484,0.0,50.806451612903224,51.37254901960784,green
36.13445378151259,0.0,54.621848739495796,53.333333333333336,green
22.77227722772275,0.0,46.53465346534652,60.392156862745104,green
59.61538461538463,0.0,32.692307692307686,59.21568627450981,green
51.694915254237294,0.0,53.38983050847458,53.72549019607843,green
37.86407766990291,0.0,24.27184466019417,59.6078431372549,green
41.935483870967744,0.0,32.25806451612904,63.52941176470588,green
35.63218390804598,0.0,37.93103448275861,65.88235294117646,green
78.46153846153845,0.0,46.153846153846146,49.01960784313726,green
53.27868852459018,0.0,46.72131147540985,52.15686274509803,green
22.330097087378643,0.0,32.03883495145631,59.6078431372549,green
22.58064516129033,0.0,50.53763440860215,63.52941176470588,green
36.36363636363638,0.0,54.54545454545454,48.23529411764705,green
57.024793388429764,0.0,30.578512396694222,52.54901960784314,green
35.78947368421051,0.0,31.578947368421055,62.745098039215684,green
49.13793103448273,0.0,26.72413793103449,54.50980392156863,green
17.391304347826082,0.0,35.8695652173913,63.921568627450974,green
22.54901960784314,0.0,41.17647058823529,60.0,green
61.78861788617886,0.0,46.34146341463416,51.764705882352935,green
58.40000000000002,0.0,42.400000000000006,50.98039215686274,green
47.05882352941174,0.0,35.294117647058805,66.66666666666667,green
18.367346938775505,0.0,46.938775510204096,61.568627450980394,green
42.592592592592595,0.0,21.296296296296326,57.647058823529406,green
53.73134328358208,0.0,49.25373134328358,73.72549019607844,green
10.588235294117613,0.0,31.764705882352935,66.66666666666667,green
27.173913043478283,0.0,51.086956521739125,63.921568627450974,green
56.470588235294095,0.0,36.470588235294095,66.66666666666667,green
68.51851851851853,0.0,14.814814814814813,57.647058823529406,green
22.330097087378643,0.0,54.36893203883495,59.6078431372549,green
34.73684210526316,0.0,27.368421052631604,62.745098039215684,green
32.11009174311925,0.0,21.100917431192663,57.25490196078431,green
38.8888888888889,0.0,44.444444444444464,64.70588235294117,green
51.304347826086946,0.0,31.304347826086946,54.90196078431373,green
84.39716312056737,0.0,53.900709219858165,44.705882352941174,green
66.66666666666666,0.0,51.16279069767441,49.411764705882355,green
22.222222222222232,0.0,31.111111111111118,64.70588235294117,green
54.09836065573771,0.0,54.91803278688525,52.15686274509803,green
77.50000000000001,0.0,55.83333333333332,52.94117647058824,green
70.37037037037037,0.0,49.62962962962964,47.05882352941176,green
44.66019417475729,0.0,31.06796116504854,59.6078431372549,green
22.857142857142854,0.0,44.285714285714285,72.54901960784314,green
39.02439024390244,0.0,60.16260162601627,51.764705882352935,green
82.14285714285715,0.0,52.85714285714287,45.09803921568627,green
86.36363636363636,0.0,55.45454545454545,56.86274509803921,green
55.28455284552846,0.0,56.09756097560976,51.764705882352935,green
67.17557251908394,0.0,51.908396946564885,48.62745098039216,green
84.21052631578947,0.0,54.13533834586466,47.843137254901954,green
36.95652173913045,0.0,30.434782608695667,63.921568627450974,green
36.04651162790698,0.0,48.83720930232557,66.27450980392156,green
62.698412698412696,0.0,48.41269841269842,50.588235294117645,green
49.180327868852466,0.0,33.60655737704919,52.15686274509803,green
44.44444444444444,0.0,29.36507936507937,50.588235294117645,green
57.943925233644855,0.0,55.14018691588786,58.0392156862745,green
66.0,0.0,54.999999999999986,60.7843137254902,green
37.17948717948719,0.0,37.17948717948719,69.41176470588235,green
62.727272727272734,0.0,20.90909090909091,56.86274509803921,green
46.666666666666664,0.0,39.04761904761905,58.82352941176471,green
59.821428571428555,0.0,50.0,56.07843137254902,green
19.387755102040806,0.0,52.0408163265306,61.568627450980394,green
47.20000000000001,0.0,49.6,50.98039215686274,green
35.22727272727273,0.0,46.590909090909086,65.49019607843137,green
76.31578947368422,0.0,58.7719298245614,55.294117647058826,green
74.13793103448275,0.0,58.620689655172406,54.50980392156863,green
29.787234042553205,0.0,40.42553191489362,63.13725490196078,green
48.73949579831932,0.0,46.21848739495798,53.333333333333336,green
24.17582417582421,0.0,52.74725274725274,64.31372549019608,green
59.45945945945945,0.0,50.45045045045045,56.470588235294116,green
35.44303797468356,0.0,36.70886075949368,69.01960784313725,green
49.180327868852466,0.0,33.60655737704919,52.15686274509803,green
59.01639344262296,0.0,41.8032786885246,52.15686274509803,green
30.0,0.0,22.499999999999993,68.62745098039215,green
42.2680412371134,0.0,37.11340206185565,61.96078431372549,green
0.0,69.88636363636364,88.63636363636364,30.980392156862745,orange
0.0,69.84126984126985,85.71428571428572,25.882352941176467,orange
0.0,51.83246073298429,81.67539267015708,25.098039215686274,orange
0.0,61.53846153846154,90.53254437869822,33.72549019607843,orange
0.0,60.795454545454554,88.06818181818181,30.980392156862745,orange
0.0,67.51269035532995,79.69543147208122,22.745098039215684,orange
0.0,65.69767441860465,88.37209302325583,32.549019607843135,orange
0.0,44.78527607361962,64.41717791411044,36.078431372549026,orange
0.0,49.2462311557789,81.90954773869348,21.96078431372549,orange
0.0,57.065217391304344,83.15217391304348,27.84313725490196,orange
0.0,64.0,85.14285714285714,31.372549019607842,orange
0.0,66.47727272727272,84.65909090909092,30.980392156862745,orange
0.0,44.970414201183424,66.86390532544378,33.72549019607843,orange
0.0,60.451977401129945,83.05084745762711,30.58823529411765,orange
0.0,50.74626865671642,78.60696517412934,21.176470588235297,orange
0.0,46.49681528662421,68.15286624203823,38.431372549019606,orange
0.0,63.90532544378698,87.57396449704142,33.72549019607843,orange
0.0,64.77987421383648,83.01886792452831,37.64705882352941,orange
0.0,50.81967213114753,72.6775956284153,28.235294117647058,orange
0.0,65.4054054054054,81.62162162162161,27.450980392156865,orange
0.0,69.44444444444444,85.55555555555556,29.411764705882348,orange
0.0,65.6441717791411,83.43558282208589,36.078431372549026,orange
0.0,61.87499999999999,81.25,37.254901960784316,orange
0.0,68.91191709844558,82.38341968911918,24.31372549019608,orange
0.0,73.73737373737374,86.36363636363636,22.352941176470587,orange
0.0,45.962732919254655,66.45962732919254,36.86274509803922,orange
0.0,48.76543209876544,72.22222222222221,36.47058823529412,orange
0.0,50.78534031413612,80.10471204188482,25.098039215686274,orange
0.0,55.61497326203209,83.9572192513369,26.66666666666667,orange
0.0,62.57309941520468,85.96491228070175,32.94117647058824,orange
0.0,63.736263736263744,86.81318681318682,28.627450980392155,orange
0.0,70.61855670103093,84.5360824742268,23.921568627450984,orange
0.0,59.999999999999986,87.02702702702703,27.450980392156865,orange
0.0,62.96296296296296,81.4814814814815,25.882352941176467,orange
0.0,65.06024096385543,93.37349397590361,34.90196078431372,orange
0.0,61.53846153846154,86.98224852071006,33.72549019607843,orange
0.0,72.47191011235955,86.51685393258427,30.196078431372552,orange
0.0,57.471264367816076,83.9080459770115,31.76470588235294,orange
0.0,64.63414634146342,86.58536585365853,35.686274509803916,orange
0.0,61.21212121212122,91.51515151515152,35.29411764705882,orange
0.0,56.249999999999986,85.22727272727273,30.980392156862745,orange
0.0,58.15217391304347,92.3913043478261,27.84313725490196,orange
0.0,42.405063291139236,64.55696202531645,38.03921568627451,orange
0.0,55.61797752808988,79.77528089887642,30.196078431372552,orange
0.0,59.77011494252873,81.0344827586207,31.76470588235294,orange
0.0,42.07317073170732,61.58536585365854,35.686274509803916,orange
0.0,68.52791878172589,79.69543147208122,22.745098039215684,orange
0.0,65.21739130434783,84.78260869565216,27.84313725490196,orange
0.0,66.19047619047619,80.0,17.647058823529417,orange
0.0,47.20496894409939,70.1863354037267,36.86274509803922,orange
0.0,71.42857142857142,87.66233766233766,39.6078431372549,orange
0.0,66.10169491525423,84.74576271186442,30.58823529411765,orange
0.0,46.45161290322581,67.0967741935484,39.21568627450981,orange
0.0,45.73170731707318,64.63414634146342,35.686274509803916,orange
0.0,52.38095238095237,82.53968253968254,25.882352941176467,orange
0.0,55.882352941176464,86.47058823529412,33.333333333333336,orange
0.0,65.69767441860465,81.97674418604652,32.549019607843135,orange
0.0,66.66666666666666,85.80246913580247,36.47058823529412,orange
0.0,47.05882352941177,73.79679144385027,26.66666666666667,orange
0.0,45.91194968553459,67.9245283018868,37.64705882352941,orange
0.0,68.33333333333333,78.88888888888889,29.411764705882348,orange
0.0,47.50000000000001,70.625,37.254901960784316,orange
0.0,41.25,61.24999999999999,37.254901960784316,orange
0.0,64.40677966101694,82.48587570621469,30.58823529411765,orange
0.0,64.24242424242424,83.03030303030302,35.29411764705882,orange
0.0,44.79166666666666,70.83333333333334,24.705882352941178,orange
0.0,63.31360946745561,75.7396449704142,33.72549019607843,orange
0.0,59.41176470588236,88.82352941176471,33.333333333333336,orange
0.0,45.783132530120476,66.26506024096386,34.90196078431372,orange
0.0,43.87096774193548,65.16129032258064,39.21568627450981,orange
0.0,45.06172839506173,65.4320987654321,36.47058823529412,orange
0.0,63.736263736263744,80.76923076923077,28.627450980392155,orange
0.0,69.87179487179486,87.1794871794872,38.8235294117647,orange
0.0,66.28571428571428,78.28571428571428,31.372549019607842,orange
0.0,69.69696969696969,85.85858585858585,22.352941176470587,orange
0.0,61.07784431137725,81.437125748503,34.509803921568626,orange
0.0,43.373493975903614,65.06024096385543,34.90196078431372,orange
0.0,56.32183908045977,87.35632183908045,31.76470588235294,orange
0.0,67.2316384180791,84.74576271186442,30.58823529411765,orange
0.0,66.14583333333334,78.64583333333334,24.705882352941178,orange
0.0,67.47572815533981,84.46601941747572,19.215686274509803,orange
0.0,54.594594594594604,82.70270270270271,27.450980392156865,orange
0.0,64.07185628742515,88.62275449101797,34.509803921568626,orange
0.0,70.49180327868852,85.24590163934427,28.235294117647058,orange
0.0,62.209302325581405,87.20930232558139,32.549019607843135,orange
0.0,48.73417721518988,70.25316455696202,38.03921568627451,orange
0.0,65.89595375722543,86.1271676300578,32.15686274509804,orange
0.0,68.61702127659574,81.91489361702128,26.274509803921564,orange
0.0,61.33333333333333,75.55555555555556,11.764705882352944,orange
0.0,40.37267080745342,60.24844720496895,36.86274509803922,orange
0.0,59.58549222797927,87.04663212435233,24.31372549019608,orange
0.0,45.09803921568628,66.66666666666667,40.0,orange
0.0,67.46987951807229,83.13253012048192,34.90196078431372,orange
0.0,62.999999999999986,84.0,21.568627450980394,orange
0.0,50.74626865671642,78.60696517412934,21.176470588235297,orange
0.0,68.89952153110048,82.77511961722489,18.039215686274513,orange
0.0,60.69364161849712,91.32947976878613,32.15686274509804,orange
0.0,71.42857142857142,93.16770186335404,36.86274509803922,orange
0.0,63.63636363636363,82.38636363636364,30.980392156862745,orange
0.0,43.312101910828034,64.96815286624204,38.431372549019606,orange
0.0,71.50259067357513,85.4922279792746,24.31372549019608,orange
0.0,66.66666666666666,83.03030303030302,35.29411764705882,orange
0.0,72.19251336898397,86.09625668449198,26.66666666666667,orange
0.0,68.57142857142857,84.57142857142857,31.372549019607842,orange
0.0,63.55140186915887,81.77570093457945,16.07843137254902,orange
0.0,72.11538461538461,84.13461538461539,18.43137254901961,orange
0.0,62.35955056179776,79.77528089887642,30.196078431372552,orange
0.0,65.05376344086021,81.72043010752688,27.058823529411768,orange
0.0,72.85714285714285,85.71428571428571,17.647058823529417,orange
0.0,70.05347593582889,83.42245989304813,26.66666666666667,orange
0.0,65.19337016574586,85.0828729281768,29.01960784313725,orange
0.0,68.39080459770115,83.9080459770115,31.76470588235294,orange
0.0,70.95238095238095,83.33333333333334,17.647058823529417,orange
0.0,71.42857142857143,88.35978835978835,25.882352941176467,orange
0.0,70.44334975369458,82.75862068965517,20.392156862745104,orange
0.0,62.011173184357546,77.09497206703911,29.803921568627455,orange
0.0,65.83850931677019,86.33540372670807,36.86274509803922,orange
0.0,52.51396648044694,90.5027932960894,29.803921568627455,orange
0.0,45.180722891566255,66.86746987951807,34.90196078431372,orange
0.0,69.66824644549763,87.20379146919431,17.25490196078432,orange
0.0,66.45962732919254,85.09316770186336,36.86274509803922,orange
0.0,58.38150289017341,89.01734104046244,32.15686274509804,orange
0.0,69.377990430622,82.29665071770334,18.039215686274513,orange
0.0,73.39901477832512,85.22167487684729,20.392156862745104,orange
0.0,40.123456790123456,59.876543209876544,36.47058823529412,orange
0.0,65.32663316582915,86.43216080402011,21.96078431372549,orange
0.0,7.602339181286539,17.543859649122794,32.94117647058824,white
0.0,3.468208092485553,13.872832369942195,32.15686274509804,white
0.0,14.213197969543154,23.85786802030457,22.745098039215684,white
0.0,2.5510204081632706,10.204081632653068,23.13725490196078,white
0.0,16.25615763546798,24.137931034482758,20.392156862745104,white
0.0,4.142011834319529,14.201183431952662,33.72549019607843,white
0.0,5.759162303664915,13.089005235602091,25.098039215686274,white
0.0,4.41988950276243,12.70718232044199,29.01960784313725,white
0.0,16.959064327485372,31.578947368421055,32.94117647058824,white
0.0,3.2679738562091387,13.071895424836594,40.0,white
0.0,10.215053763440855,16.129032258064505,27.058823529411768,white
0.0,11.666666666666671,24.44444444444445,29.411764705882348,white
0.0,9.042553191489375,20.21276595744681,26.274509803921564,white
19.631901840490798,3.0674846625766765,0.0,36.078431372549026,white
7.2727272727272805,0.0,6.666666666666677,35.29411764705882,white
0.0,11.386138613861387,19.30693069306931,20.7843137254902,white
19.631901840490798,3.0674846625766765,0.0,36.078431372549026,white
3.7313432835820977,0.0,8.208955223880588,47.45098039215686,white
19.631901840490798,3.0674846625766765,0.0,36.078431372549026,white
0.0,7.407407407407399,17.283950617283942,36.47058823529412,white
0.0,12.12121212121212,20.2020202020202,22.352941176470587,white
0.0,14.438502673796785,24.598930481283414,26.66666666666667,white
7.2727272727272805,0.0,6.666666666666677,35.29411764705882,white
0.0,4.4692737430167595,11.173184357541892,29.803921568627455,white
0.0,16.85393258426965,25.280898876404486,30.196078431372552,white
0.0,6.2200956937798955,14.832535885167466,18.039215686274513,white
0.0,2.4691358024691272,12.962962962962955,36.47058823529412,white
0.0,9.045226130653262,20.100502512562816,21.96078431372549,white
19.631901840490798,3.0674846625766765,0.0,36.078431372549026,white
0.0,13.461538461538455,21.15384615384615,18.43137254901961,white
0.0,1.9512195121951288,9.756097560975615,19.6078431372549,white
0.0,1.764705882352935,11.764705882352933,33.333333333333336,white
19.631901840490798,3.0674846625766765,0.0,36.078431372549026,white
19.631901840490798,3.0674846625766765,0.0,36.078431372549026,white
0.0,1.219512195121964,10.975609756097574,35.686274509803916,white
0.0,17.112299465240643,39.037433155080215,26.66666666666667,white
0.0,8.465608465608465,19.047619047619055,25.882352941176467,white
0.0,3.658536585365858,12.804878048780493,35.686274509803916,white
0.0,7.692307692307682,17.159763313609457,33.72549019607843,white
0.0,9.473684210526311,14.210526315789481,25.49019607843137,white
0.0,5.59006211180124,14.906832298136646,36.86274509803922,white
0.0,3.1914893617021307,14.893617021276603,26.274509803921564,white
0.0,14.7783251231527,24.137931034482758,20.392156862745104,white
0.0,3.52941176470587,15.294117647058819,33.333333333333336,white
3.496503496503504,0.0,8.391608391608402,43.92156862745098,white
0.0,19.58762886597937,27.31958762886597,23.921568627450984,white
0.0,1.7751479289940766,10.650887573964493,33.72549019607843,white
0.0,18.032786885245898,36.06557377049182,28.235294117647058,white
0.0,0.995024875621887,7.960199004975125,21.176470588235297,white
0.0,2.4390243902439073,8.78048780487806,19.6078431372549,white
0.0,1.6666666666666763,10.555555555555566,29.411764705882348,white
0.0,0.9478672985781958,7.5829383886255926,17.25490196078432,white
0.0,2.3255813953488453,11.046511627906987,32.549019607843135,white
0.0,4.878048780487805,14.02439024390244,35.686274509803916,white
0.0,15.168539325842692,22.471910112359552,30.196078431372552,white
0.0,0.48780487804877876,7.3170731707317085,19.6078431372549,white
0.0,13.366336633663362,24.257425742574256,20.7843137254902,white
0.0,13.636363636363644,23.737373737373737,22.352941176470587,white
7.2727272727272805,0.0,6.666666666666677,35.29411764705882,white
0.0,9.589041095890396,21.23287671232877,42.74509803921569,white
0.0,5.882352941176468,15.686274509803921,40.0,white
0.0,16.25615763546798,24.63054187192118,20.392156862745104,white
0.0,9.94475138121548,14.364640883977911,29.01960784313725,white
0.0,6.842105263157901,10.526315789473692,25.49019607843137,white
0.0,8.60215053763441,19.89247311827956,27.058823529411768,white
8.888888888888918,6.666666666666704,0.0,64.70588235294117,white
0.0,4.294478527607347,14.723926380368098,36.078431372549026,white
0.0,1.3953488372092975,7.441860465116279,15.686274509803921,white
0.0,17.682926829268297,33.53658536585366,35.686274509803916,white
0.0,10.891089108910881,23.26732673267327,20.7843137254902,white
0.0,6.962025316455707,18.35443037974684,38.03921568627451,white
0.0,18.23529411764706,28.23529411764704,33.333333333333336,white
0.0,8.994708994708994,19.576719576719583,25.882352941176467,white
3.4246575342465633,0.0,8.219178082191773,42.74509803921569,white
0.0,0.9302325581395315,6.976744186046513,15.686274509803921,white
0.0,15.294117647058819,26.470588235294105,33.333333333333336,white
0.0,1.9999999999999931,9.999999999999966,60.7843137254902,white
0.0,5.161290322580646,16.774193548387093,39.21568627450981,white
0.0,2.3255813953488453,13.372093023255815,32.549019607843135,white
0.0,1.1976047904191574,9.580838323353293,34.509803921568626,white
0.0,9.219858156028375,21.276595744680854,44.705882352941174,white
0.0,7.142857142857148,11.538461538461544,28.627450980392155,white
0.0,9.285714285714294,21.42857142857143,45.09803921568627,white
0.0,12.254901960784325,21.078431372549026,19.999999999999996,white
0.0,5.434782608695649,10.869565217391298,27.84313725490196,white
3.7037037037037113,0.0,8.14814814814814,47.05882352941176,white
0.0,15.92039800995025,36.81592039800995,21.176470588235297,white
0.0,8.391608391608402,18.881118881118894,43.92156862745098,white
6.428571428571446,0.0,13.571428571428582,45.09803921568627,white
0.0,9.493670886075952,22.78481012658227,38.03921568627451,white
0.0,14.814814814814822,21.69312169312169,25.882352941176467,white
0.0,2.35294117647058,10.588235294117643,33.333333333333336,white
0.0,23.870967741935477,35.48387096774194,39.21568627450981,white
0.0,0.995024875621887,7.462686567164181,21.176470588235297,white
0.0,16.483516483516485,25.82417582417583,28.627450980392155,white
0.0,5.999999999999993,12.0,21.568627450980394,white
0.0,10.309278350515456,21.649484536082472,23.921568627450984,white
0.0,8.333333333333323,20.138888888888896,43.529411764705884,white
0.0,6.3583815028901824,10.404624277456659,32.15686274509804,white
0.0,7.222222222222227,15.000000000000007,29.411764705882348,white
0.0,17.777777777777775,25.000000000000007,29.411764705882348,white
0.0,13.259668508287293,20.441988950276247,29.01960784313725,white
1.212121212121225,0.0,9.696969696969697,35.29411764705882,white
0.0,2.5157232704402603,12.578616352201266,37.64705882352941,white
0.0,2.35294117647058,11.764705882352933,33.333333333333336,white
0.0,10.218978102189766,21.897810218978087,46.27450980392157,white
0.0,14.110429447852745,33.128834355828204,36.078431372549026,white
0.0,9.027777777777784,18.75000000000001,43.529411764705884,white
1.5873015873015817,0.0,7.936507936507953,50.588235294117645,white
0.0,12.886597938144329,23.711340206185557,23.921568627450984,white
0.0,5.291005291005302,11.640211640211644,25.882352941176467,white
0.0,0.4854368932038817,6.796116504854371,19.215686274509803,white
0.0,9.183673469387765,20.918367346938787,23.13725490196078,white
0.0,20.51282051282051,31.410256410256405,38.8235294117647,white
0.0,6.914893617021282,17.553191489361712,26.274509803921564,white
0.0,16.751269035532992,40.10152284263959,22.745098039215684,white
0.0,18.497109826589593,27.74566473988439,32.15686274509804,white
0.0,2.450980392156868,9.803921568627457,19.999999999999996,white
0.0,2.6315789473684266,10.000000000000009,25.49019607843137,white
0.0,1.9138755980861177,8.133971291866027,18.039215686274513,white
0.0,0.6060606060606039,10.3030303030303,35.29411764705882,white
4.000000000000004,0.0,7.333333333333345,41.17647058823529,white
0.0,9.815950920245399,24.53987730061348,36.078431372549026,white
19.631901840490798,3.0674846625766765,0.0,36.078431372549026,white
0.0,14.736842105263165,22.631578947368432,25.49019607843137,white
0.0,9.85915492957747,21.83098591549296,44.31372549019608,white
0.0,10.552763819095484,24.120603015075375,21.96078431372549,white
0.0,8.762886597938142,18.556701030927826,23.921568627450984,white
0.6134969325153352,0.0,6.13496932515337,36.078431372549026,white
0.0,17.20430107526882,25.26881720430108,27.058823529411768,white
0.0,0.0,13.06818181818182,30.980392156862745,white
22.448979591836714,0.0,0.0,80.7843137254902,black
0.0,14.473684210526336,26.315789473684227,70.19607843137254,black
0.0,17.543859649122794,31.57894736842104,77.64705882352942,black
0.0,16.981132075471688,26.41509433962265,79.2156862745098,black
0.0,19.117647058823508,30.88235294117645,73.33333333333334,black
22.666666666666693,2.666666666666694,0.0,70.58823529411764,black
0.0,15.873015873015861,23.809523809523814,75.29411764705883,black
0.0,17.741935483870993,25.806451612903224,75.68627450980392,black
0.0,14.285714285714294,26.530612244897984,80.7843137254902,black
0.0,16.66666666666665,25.757575757575758,74.11764705882354,black
0.0,17.142857142857164,28.571428571428587,72.54901960784314,black
12.962962962962967,5.555555555555588,0.0,78.82352941176471,black
0.0,15.000000000000039,25.0,76.47058823529412,black
0.0,13.698630136986292,26.02739726027396,71.37254901960785,black
0.0,14.814814814814813,25.925925925925934,78.82352941176471,black
0.0,19.444444444444382,22.22222222222215,85.88235294117648,black
0.0,21.568627450980376,33.33333333333333,80.0,black
0.0,18.18181818181817,23.636363636363654,78.43137254901961,black
22.222222222222264,2.222222222222214,0.0,82.35294117647058,black
0.0,19.117647058823508,32.352941176470566,73.33333333333334,black
0.0,3.3898305084746108,5.0847457627118935,76.86274509803921,black
0.0,18.367346938775505,22.448979591836714,80.7843137254902,black
3.2258064516128915,1.6129032258064457,0.0,75.68627450980392,black
0.0,14.285714285714294,24.489795918367317,80.7843137254902,black
0.0,23.529411764705888,36.7647058823529,73.33333333333334,black
0.0,17.0,29.999999999999982,60.7843137254902,black
0.0,14.814814814814813,29.629629629629626,78.82352941176471,black
0.0,1.4925373134328308,4.477611940298493,73.72549019607844,black
0.0,22.727272727272734,42.42424242424241,74.11764705882354,black
0.0,17.91044776119401,22.388059701492548,73.72549019607844,black
0.0,21.111111111111125,37.77777777777779,64.70588235294117,black
0.0,15.384615384615335,26.923076923076888,79.6078431372549,black
0.0,1.4705882352941129,11.764705882352903,73.33333333333334,black
13.999999999999952,1.9999999999999931,0.0,80.3921568627451,black
0.0,22.727272727272734,37.878787878787875,74.11764705882354,black
0.0,16.071428571428566,32.14285714285713,78.03921568627452,black
0.0,2.272727272727264,0.0,82.74509803921568,black
0.0,24.637681159420293,40.579710144927525,72.94117647058825,black
34.14634146341462,6.097560975609735,0.0,67.84313725490196,black
0.0,5.660377358490598,11.320754716981144,79.2156862745098,black
0.0,2.702702702702769,2.702702702702769,85.49019607843137,black
48.05194805194806,9.090909090909093,0.0,69.80392156862744,black
0.0,20.58823529411762,33.823529411764675,73.33333333333334,black
0.0,1.4925373134328308,4.477611940298493,73.72549019607844,black
29.411764705882337,0.0,2.9411764705882257,73.33333333333334,black
36.842105263157904,6.578947368421065,0.0,70.19607843137254,black
0.0,3.333333333333368,5.000000000000028,76.47058823529412,black
0.0,29.310344827586203,44.82758620689655,77.25490196078432,black
0.0,18.75000000000002,31.24999999999998,74.90196078431373,black
0.0,30.434782608695667,50.0,81.96078431372548,black
0.0,17.39130434782607,28.985507246376795,72.94117647058825,black
0.0,23.611111111111104,37.499999999999986,71.76470588235294,black
0.0,13.888888888888879,29.16666666666668,71.76470588235294,black
0.0,15.384615384615335,21.15384615384614,79.6078431372549,black
0.0,25.581395348837237,46.51162790697676,83.13725490196077,black
0.0,19.35483870967744,32.25806451612905,75.68627450980392,black
0.0,15.25423728813563,22.033898305084758,76.86274509803921,black
0.0,26.470588235294112,47.058823529411775,73.33333333333334,black
0.0,18.30985915492959,32.3943661971831,72.15686274509804,black
0.0,14.285714285714294,20.408163265306108,80.7843137254902,black
0.0,1.5384615384615332,4.615384615384599,74.50980392156863,black
35.5263157894737,6.578947368421065,0.0,70.19607843137254,black
0.0,21.428571428571423,38.0952380952381,83.52941176470588,black
0.0,20.338983050847474,32.20338983050849,76.86274509803921,black
0.0,2.8985507246376714,5.797101449275343,72.94117647058825,black
0.0,26.31578947368422,42.10526315789474,77.64705882352942,black
0.0,0.0,7.5757575757575495,74.11764705882354,black
0.0,11.99999999999996,19.99999999999999,80.3921568627451,black
0.0,0.0,0.0,85.09803921568627,black
0.0,15.094339622641506,33.962264150943426,79.2156862745098,black
0.0,22.535211267605632,36.619718309859145,72.15686274509804,black
0.0,26.785714285714292,42.857142857142854,78.03921568627452,black
0.0,16.666666666666647,30.555555555555564,71.76470588235294,black
0.0,16.39344262295085,27.868852459016384,76.07843137254902,black
0.0,0.0,6.349206349206327,75.29411764705883,black
16.66666666666668,2.380952380952373,0.0,83.52941176470588,black
0.0,23.999999999999975,39.99999999999998,80.3921568627451,black
0.0,17.857142857142843,32.14285714285713,78.03921568627452,black
0.0,15.51724137931034,29.310344827586203,77.25490196078432,black
0.0,6.521739130434759,17.391304347826082,81.96078431372548,black
0.0,5.454545454545486,16.363636363636356,78.43137254901961,black
0.0,21.212121212121225,36.36363636363637,74.11764705882354,black
0.0,19.117647058823508,27.941176470588225,73.33333333333334,black
0.0,17.105263157894747,26.315789473684227,70.19607843137254,black
0.0,22.058823529411733,41.17647058823528,73.33333333333334,black
2.9850746268656616,0.0,14.925373134328352,73.72549019607844,black
0.0,2.777777777777769,11.111111111111075,85.88235294117648,black
0.0,20.312500000000018,28.12499999999999,74.90196078431373,black
43.05555555555556,6.944444444444459,0.0,71.76470588235294,black
0.0,18.918918918918923,33.783783783783804,70.98039215686273,black
21.15384615384614,1.923076923076917,0.0,79.6078431372549,black
0.0,15.53398058252427,29.126213592233015,59.6078431372549,black
0.0,16.981132075471688,39.622641509433976,79.2156862745098,black
0.0,21.53846153846155,38.46153846153846,74.50980392156863,black
0.0,18.644067796610194,32.20338983050849,76.86274509803921,black
0.0,24.44444444444448,40.000000000000036,82.35294117647058,black
42.46575342465754,8.219178082191792,0.0,71.37254901960785,black
0.0,0.0,5.555555555555576,71.76470588235294,black
0.0,15.68627450980387,17.647058823529406,80.0,black
16.260162601626025,0.0,71.54471544715449,51.764705882352935,lime_green
31.0126582278481,0.0,67.08860759493672,38.03921568627451,lime_green
22.900763358778633,0.0,68.70229007633588,48.62745098039216,lime_green
47.11538461538461,0.0,84.61538461538461,59.21568627450981,lime_green
27.215189873417735,0.0,71.51898734177215,38.03921568627451,lime_green
39.3939393939394,0.0,71.2121212121212,48.23529411764705,lime_green
31.372549019607842,0.0,71.8954248366013,40.0,lime_green
35.62499999999999,0.0,73.75,37.254901960784316,lime_green
20.89552238805969,0.0,64.17910447761194,47.45098039215686,lime_green
37.67123287671231,0.0,61.64383561643836,42.74509803921569,lime_green
39.63414634146343,0.0,56.09756097560976,35.686274509803916,lime_green
34.5323741007194,0.0,69.7841726618705,45.490196078431374,lime_green
18.260869565217376,0.0,73.04347826086955,54.90196078431373,lime_green
21.323529411764692,0.0,72.79411764705883,46.666666666666664,lime_green
43.54838709677419,0.0,79.83870967741936,51.37254901960784,lime_green
36.764705882352935,0.0,74.26470588235294,46.666666666666664,lime_green
17.322834645669296,0.0,78.74015748031496,50.19607843137255,lime_green
34.93150684931506,0.0,73.2876712328767,42.74509803921569,lime_green
33.56164383561644,0.0,68.4931506849315,42.74509803921569,lime_green
28.57142857142856,0.0,71.42857142857144,50.588235294117645,lime_green
17.808219178082187,0.0,67.12328767123287,42.74509803921569,lime_green
32.919254658385086,0.0,63.975155279503106,36.86274509803922,lime_green
45.394736842105274,0.0,82.23684210526316,40.3921568627451,lime_green
27.647058823529395,0.0,81.76470588235294,33.333333333333336,lime_green
38.41059602649006,0.0,75.49668874172185,40.78431372549019,lime_green
28.965517241379306,0.0,73.10344827586206,43.13725490196079,lime_green
33.58778625954197,0.0,82.44274809160305,48.62745098039216,lime_green
29.71014492753623,0.0,66.66666666666666,45.88235294117647,lime_green
30.90909090909092,0.0,71.51515151515152,35.29411764705882,lime_green
35.61643835616437,0.0,83.56164383561644,42.74509803921569,lime_green
19.71830985915494,0.0,61.267605633802816,44.31372549019608,lime_green
15.126050420168086,0.0,69.74789915966387,53.333333333333336,lime_green
33.33333333333335,0.0,62.698412698412696,50.588235294117645,lime_green
21.25984251968505,0.0,72.44094488188976,50.19607843137255,lime_green
31.29251700680273,0.0,80.27210884353741,42.352941176470594,lime_green
19.254658385093173,0.0,70.1863354037267,36.86274509803922,lime_green
42.767295597484264,0.0,69.18238993710692,37.64705882352941,lime_green
28.301886792452834,0.0,82.38993710691823,37.64705882352941,lime_green
38.509316770186345,0.0,65.21739130434783,36.86274509803922,lime_green
30.66666666666667,0.0,80.0,41.17647058823529,lime_green
37.6068376068376,0.0,72.64957264957265,54.117647058823536,lime_green
44.871794871794876,0.0,62.17948717948717,38.8235294117647,lime_green
34.55882352941177,0.0,75.73529411764706,46.666666666666664,lime_green
44.17177914110428,0.0,60.122699386503065,36.078431372549026,lime_green
14.685314685314674,0.0,74.12587412587412,43.92156862745098,lime_green
35.099337748344375,0.0,83.44370860927152,40.78431372549019,lime_green
38.064516129032256,0.0,81.93548387096773,39.21568627450981,lime_green
19.48051948051947,0.0,70.12987012987011,39.6078431372549,lime_green
33.7837837837838,0.0,72.2972972972973,41.96078431372548,lime_green
17.460317460317466,0.0,80.15873015873017,50.588235294117645,lime_green
26.47058823529413,0.0,69.8529411764706,46.666666666666664,lime_green
29.545454545454547,0.0,65.15151515151516,48.23529411764705,lime_green
31.09756097560976,0.0,86.58536585365853,35.686274509803916,lime_green
38.25503355704697,0.0,80.53691275167785,41.56862745098039,lime_green
36.486486486486484,0.0,70.94594594594594,41.96078431372548,lime_green
20.645161290322562,0.0,78.06451612903226,39.21568627450981,lime_green
41.13924050632911,0.0,66.45569620253164,38.03921568627451,lime_green
37.42331288343557,0.0,67.4846625766871,36.078431372549026,lime_green
19.148936170212778,0.0,75.17730496453902,44.705882352941174,lime_green
40.880503144654085,0.0,67.9245283018868,37.64705882352941,lime_green
37.254901960784316,0.0,75.16339869281046,40.0,lime_green
37.65432098765433,0.0,68.51851851851852,36.47058823529412,lime_green
29.05027932960893,0.0,86.03351955307262,29.803921568627455,lime_green
28.409090909090907,0.0,86.36363636363636,30.980392156862745,lime_green
13.636363636363653,0.0,71.96969696969695,48.23529411764705,lime_green
25.88235294117646,0.0,81.17647058823529,33.333333333333336,lime_green
34.61538461538463,0.0,71.53846153846153,49.01960784313726,lime_green
43.5897435897436,0.0,54.487179487179496,38.8235294117647,lime_green
35.94771241830066,0.0,74.50980392156863,40.0,lime_green
36.00000000000001,0.0,62.0,41.17647058823529,lime_green
18.620689655172406,0.0,73.10344827586206,43.13725490196079,lime_green
25.352112676056326,0.0,71.12676056338029,44.31372549019608,lime_green
37.67123287671231,0.0,73.2876712328767,42.74509803921569,lime_green
25.174825174825166,0.0,81.81818181818183,43.92156862745098,lime_green
39.28571428571428,0.0,72.02380952380952,34.11764705882353,lime_green
24.183006535947722,0.0,69.28104575163398,40.0,lime_green
37.16216216216216,0.0,74.32432432432432,41.96078431372548,lime_green
32.23684210526316,0.0,75.0,40.3921568627451,lime_green
37.26708074534162,0.0,60.8695652173913,36.86274509803922,lime_green
43.82716049382715,0.0,56.79012345679012,36.47058823529412,lime_green
22.22222222222222,0.0,68.33333333333333,29.411764705882348,lime_green
33.10344827586207,0.0,77.93103448275862,43.13725490196079,lime_green
38.35616438356163,0.0,77.3972602739726,42.74509803921569,lime_green
33.121019108280265,0.0,70.06369426751591,38.431372549019606,lime_green
44.69696969696971,0.0,50.000000000000014,48.23529411764705,lime_green
34.5323741007194,0.0,69.06474820143883,45.490196078431374,lime_green
33.33333333333333,0.0,68.74999999999999,43.529411764705884,lime_green
50.420168067226875,0.0,78.99159663865547,53.333333333333336,lime_green
28.18791946308724,0.0,73.8255033557047,41.56862745098039,lime_green
39.24050632911393,0.0,72.78481012658227,38.03921568627451,lime_green
42.1383647798742,0.0,71.0691823899371,37.64705882352941,lime_green
38.25503355704697,0.0,61.74496644295302,41.56862745098039,lime_green
35.48387096774194,0.0,70.96774193548386,39.21568627450981,lime_green
23.07692307692305,0.0,69.23076923076924,54.117647058823536,lime_green
21.93548387096774,0.0,73.54838709677419,39.21568627450981,lime_green
42.222222222222214,0.0,54.8148148148148,47.05882352941176,lime_green
10.447761194029855,0.0,67.91044776119402,47.45098039215686,lime_green
23.333333333333346,0.0,72.00000000000001,41.17647058823529,lime_green
30.00000000000001,0.0,65.0,45.09803921568627,lime_green
34.43708609271524,0.0,68.21192052980133,40.78431372549019,lime_green
0.0,22.556390977443613,37.59398496240603,47.843137254901954,gold
0.0,29.496402877697843,47.482014388489205,45.490196078431374,gold
0.0,24.08759124087591,40.87591240875913,46.27450980392157,gold
0.0,23.952095808383234,46.10778443113771,34.509803921568626,gold
0.0,11.19402985074627,44.77611940298506,47.45098039215686,gold
0.0,28.965517241379306,46.89655172413792,43.13725490196079,gold
0.0,30.909090909090903,62.727272727272734,56.86274509803921,gold
0.0,31.818181818181813,47.72727272727275,48.23529411764705,gold
0.0,36.79245283018871,62.26415094339623,58.4313725490196,gold
0.0,25.78125,56.25,49.80392156862745,gold
0.0,20.800000000000015,51.99999999999999,50.98039215686274,gold
0.0,27.77777777777778,46.296296296296305,57.647058823529406,gold
0.0,27.11864406779661,61.01694915254237,53.72549019607843,gold
0.0,26.126126126126138,45.045045045045036,56.470588235294116,gold
0.0,35.75757575757575,57.57575757575757,35.29411764705882,gold
0.0,19.07894736842104,51.31578947368419,40.3921568627451,gold
0.0,30.00000000000001,45.71428571428571,45.09803921568627,gold
0.0,35.55555555555556,62.96296296296296,47.05882352941176,gold
0.0,41.13924050632911,63.29113924050633,38.03921568627451,gold
0.0,26.900584795321624,55.55555555555555,32.94117647058824,gold
0.0,22.142857142857142,38.57142857142858,45.09803921568627,gold
0.0,41.84397163120568,62.41134751773048,44.705882352941174,gold
0.0,28.776978417266193,46.76258992805754,45.490196078431374,gold
0.0,25.60975609756097,54.878048780487795,35.686274509803916,gold
0.0,26.219512195121958,50.000000000000014,35.686274509803916,gold
0.0,35.66433566433565,65.03496503496504,43.92156862745098,gold
0.0,25.333333333333336,49.999999999999986,41.17647058823529,gold
0.0,30.263157894736832,49.34210526315789,40.3921568627451,gold
0.0,27.388535031847145,48.40764331210192,38.431372549019606,gold
0.0,43.165467625899275,64.02877697841727,45.490196078431374,gold
0.0,33.812949640287755,61.870503597122294,45.490196078431374,gold
0.0,29.33333333333332,47.333333333333336,41.17647058823529,gold
0.0,20.967741935483886,56.4516129032258,51.37254901960784,gold
0.0,12.631578947368435,61.052631578947356,62.745098039215684,gold
0.0,35.51401869158881,58.87850467289719,58.0392156862745,gold
0.0,31.72413793103449,51.03448275862068,43.13725490196079,gold
0.0,23.622047244094492,49.60629921259843,50.19607843137255,gold
0.0,33.082706766917305,51.8796992481203,47.843137254901954,gold
0.0,35.593220338983045,57.62711864406781,53.72549019607843,gold
0.0,50.45871559633027,80.73394495412843,57.25490196078431,gold
0.0,30.882352941176467,50.000000000000014,46.666666666666664,gold
0.0,25.40983606557377,60.655737704918046,52.15686274509803,gold
0.0,28.57142857142857,52.38095238095239,34.11764705882353,gold
0.0,23.809523809523814,41.26984126984126,50.588235294117645,gold
0.0,29.059829059829056,47.86324786324785,54.117647058823536,gold
0.0,23.275862068965512,54.310344827586185,54.50980392156863,gold
0.0,27.199999999999992,49.6,50.98039215686274,gold
0.0,24.427480916030536,42.74809160305342,48.62745098039216,gold
0.0,22.480620155038768,38.75968992248062,49.411764705882355,gold
0.0,21.53846153846153,53.84615384615383,49.01960784313726,gold
0.0,51.99999999999999,84.0,60.7843137254902,gold
0.0,27.388535031847145,49.681528662420384,38.431372549019606,gold
0.0,22.72727272727273,38.63636363636365,48.23529411764705,gold
0.0,24.999999999999993,63.97058823529412,46.666666666666664,gold
0.0,12.09677419354839,54.032258064516135,51.37254901960784,gold
0.0,13.88888888888889,57.407407407407405,57.647058823529406,gold
0.0,28.070175438596497,47.36842105263157,55.294117647058826,gold
0.0,6.6225165562913855,37.086092715231786,40.78431372549019,gold
0.0,24.590163934426233,41.8032786885246,52.15686274509803,gold
0.0,19.685039370078737,50.39370078740157,50.19607843137255,gold
0.0,27.083333333333336,43.05555555555556,43.529411764705884,gold
0.0,25.78616352201258,46.54088050314466,37.64705882352941,gold
0.0,16.66666666666668,60.83333333333333,52.94117647058824,gold
0.0,33.33333333333332,54.074074074074076,47.05882352941176,gold
0.0,36.641221374045806,66.412213740458,48.62745098039216,gold
0.0,35.238095238095255,59.04761904761903,58.82352941176471,gold
0.0,11.206896551724125,52.586206896551715,54.50980392156863,gold
0.0,21.311475409836078,59.836065573770504,52.15686274509803,gold
0.0,34.14634146341465,64.22764227642276,51.764705882352935,gold
0.0,26.11464968152868,51.59235668789809,38.431372549019606,gold
0.0,28.28947368421052,58.55263157894737,40.3921568627451,gold
0.0,24.166666666666654,62.499999999999986,52.94117647058824,gold
0.0,10.489510489510492,50.34965034965035,43.92156862745098,gold
0.0,28.14814814814815,45.92592592592593,47.05882352941176,gold
0.0,36.23188405797101,56.52173913043477,45.88235294117647,gold
0.0,32.52032520325205,50.40650406504065,51.764705882352935,gold
0.0,22.222222222222232,56.34920634920635,50.588235294117645,gold
0.0,35.24590163934427,52.45901639344264,52.15686274509803,gold
0.0,24.39024390243903,54.47154471544716,51.764705882352935,gold
0.0,30.821917808219183,50.0,42.74509803921569,gold
0.0,29.192546583850937,58.385093167701875,36.86274509803922,gold
0.0,28.30188679245283,48.113207547169814,58.4313725490196,gold
0.0,28.57142857142857,48.21428571428572,56.07843137254902,gold
0.0,25.0,43.54838709677419,51.37254901960784,gold
0.0,28.859060402684555,49.66442953020133,41.56862745098039,gold
0.0,46.666666666666664,83.33333333333334,41.17647058823529,gold
0.0,23.44827586206896,48.2758620689655,43.13725490196079,gold
0.0,27.41935483870967,55.645161290322584,51.37254901960784,gold
0.0,27.73722627737227,45.25547445255473,46.27450980392157,gold
0.0,24.99999999999999,43.9655172413793,54.50980392156863,gold
0.0,27.731092436974787,62.184873949579824,53.333333333333336,gold
0.0,36.800000000000004,58.40000000000002,50.98039215686274,gold
0.0,26.126126126126138,43.24324324324324,56.470588235294116,gold
0.0,34.11764705882352,56.47058823529411,33.333333333333336,gold
0.0,28.45528455284554,46.34146341463416,51.764705882352935,gold
0.0,30.827067669172926,47.368421052631575,47.843137254901954,gold
0.0,28.395061728395067,57.40740740740742,36.47058823529412,gold
0.0,12.195121951219514,54.47154471544716,51.764705882352935,gold
0.0,36.44859813084115,60.747663551401885,58.0392156862745,gold
0.0,33.82352941176469,51.47058823529412,46.666666666666664,gold
0.0,43.87096774193548,66.45161290322581,39.21568627450981,gold
0.0,23.809523809523814,57.14285714285714,50.588235294117645,gold
0.0,22.916666666666664,54.861111111111114,43.529411764705884,gold
0.0,27.564102564102573,55.76923076923078,38.8235294117647,gold
0.0,24.637681159420286,57.971014492753625,45.88235294117647,gold
0.0,26.035502958579876,53.25443786982248,33.72549019607843,gold
0.0,31.48148148148147,52.77777777777779,57.647058823529406,gold
0.0,21.093750000000014,57.8125,49.80392156862745,gold
0.0,26.49572649572648,45.299145299145295,54.117647058823536,gold
0.0,7.142857142857137,38.31168831168831,39.6078431372549,gold
0.0,27.272727272727277,45.454545454545446,56.86274509803921,gold
0.0,32.30769230769231,63.84615384615384,49.01960784313726,gold
0.0,23.664122137404583,41.22137404580151,48.62745098039216,gold
0.0,31.914893617021285,48.93617021276596,44.705882352941174,gold
0.0,30.28169014084508,49.29577464788733,44.31372549019608,gold
0.0,13.103448275862062,52.41379310344829,43.13725490196079,gold
0.0,33.082706766917305,50.375939849624075,47.843137254901954,gold
0.0,12.605042016806726,57.14285714285715,53.333333333333336,gold
0.0,33.57664233576641,62.04379562043797,46.27450980392157,gold
0.0,22.60869565217391,63.47826086956522,54.90196078431373,gold
0.0,32.173913043478244,66.08695652173913,54.90196078431373,gold
0.0,21.951219512195134,48.78048780487806,51.764705882352935,gold
0.0,27.45098039215686,50.3267973856209,40.0,gold
0.0,25.190839694656486,55.72519083969466,48.62745098039216,gold
0.0,26.0,57.333333333333336,41.17647058823529,gold
0.0,32.87671232876713,53.42465753424658,42.74509803921569,gold
0.0,24.603174603174605,42.85714285714286,50.588235294117645,gold
0.0,12.149532710280383,57.943925233644855,58.0392156862745,gold
0.0,13.91304347826087,59.13043478260869,54.90196078431373,gold
0.0,37.404580152671755,67.93893129770993,48.62745098039216,gold
0.0,25.90361445783132,51.204819277108435,34.90196078431372,gold
0.0,11.926605504587165,57.798165137614674,57.25490196078431,gold
0.0,28.30188679245283,47.16981132075473,58.4313725490196,gold
0.0,33.14285714285715,56.57142857142856,31.372549019607842,gold
0.0,24.62686567164181,44.02985074626864,47.45098039215686,gold
0.0,29.220779220779207,48.7012987012987,39.6078431372549,gold
0.0,28.57142857142856,42.06349206349207,50.588235294117645,gold
0.0,26.363636363636374,43.63636363636363,56.86274509803921,gold
0.0,17.757009345794405,54.20560747663552,58.0392156862745,gold
0.0,41.290322580645146,61.29032258064515,39.21568627450981,gold
0.0,30.27522935779816,52.293577981651396,57.25490196078431,gold
0.0,11.818181818181827,59.999999999999986,56.86274509803921,gold
0.0,25.423728813559325,44.0677966101695,53.72549019607843,gold
0.0,9.23076923076922,16.15384615384614,49.01960784313726,silver
6.870229007633564,0.0,3.816793893129758,48.62745098039216,silver
8.108108108108105,0.0,1.8018018018017956,56.470588235294116,silver
0.0,7.9999999999999725,17.999999999999996,60.7843137254902,silver
5.263157894736842,0.0,3.289473684210533,40.3921568627451,silver
0.0,1.5873015873015817,11.904761904761907,50.588235294117645,silver
0.0,2.3999999999999915,15.199999999999992,50.98039215686274,silver
0.0,9.917355371900815,17.355371900826455,52.54901960784314,silver
0.0,1.5748031496062938,15.74803149606298,50.19607843137255,silver
0.0,11.111111111111098,22.222222222222197,54.117647058823536,silver
0.0,9.23076923076922,18.46153846153844,49.01960784313726,silver
0.0,7.826086956521712,14.782608695652172,54.90196078431373,silver
0.0,9.022556390977455,17.29323308270677,47.843137254901954,silver
9.56521739130434,0.0,0.0,54.90196078431373,silver
0.0,8.823529411764696,19.85294117647058,46.666666666666664,silver
0.0,5.042016806722695,10.924369747899144,53.333333333333336,silver
0.0,11.111111111111116,19.84126984126986,50.588235294117645,silver
0.0,6.779661016949152,19.491525423728813,53.72549019607843,silver
0.0,6.8965517241379075,12.931034482758625,54.50980392156863,silver
0.0,0.0,15.07936507936507,50.588235294117645,silver
0.0,9.009009009009027,16.21621621621621,56.470588235294116,silver
0.0,0.7633587786259516,12.213740458015268,48.62745098039216,silver
0.0,8.57142857142857,18.095238095238088,58.82352941176471,silver
6.617647058823526,0.0,5.147058823529414,46.666666666666664,silver
12.318840579710143,0.0,1.4492753623188355,45.88235294117647,silver
0.0,9.322033898305076,14.40677966101697,53.72549019607843,silver
0.0,11.851851851851851,19.999999999999993,47.05882352941176,silver
7.100591715976323,0.0,0.0,33.72549019607843,silver
10.000000000000005,0.0,2.1428571428571552,45.09803921568627,silver
0.0,8.870967741935496,16.93548387096775,51.37254901960784,silver
0.0,1.9480519480519414,10.38961038961039,39.6078431372549,silver
0.0,8.196721311475425,15.573770491803291,52.15686274509803,silver
0.0,9.174311926605522,16.5137614678899,57.25490196078431,silver
0.0,5.072463768115945,7.246376811594198,45.88235294117647,silver
0.0,1.5384615384615332,13.076923076923075,49.01960784313726,silver
2.985074626865682,0.0,4.477611940298512,47.45098039215686,silver
0.0,0.740740740740738,14.074074074074087,47.05882352941176,silver
0.0,10.810810810810825,14.414414414414415,56.470588235294116,silver
0.0,9.16030534351144,18.32061068702288,48.62745098039216,silver
13.043478260869563,0.7246376811594177,0.0,45.88235294117647,silver
0.0,7.438016528925617,13.223140495867769,52.54901960784314,silver
0.0,11.111111111111098,19.65811965811964,54.117647058823536,silver
0.0,2.2222222222222143,12.592592592592588,47.05882352941176,silver
0.0,8.661417322834659,14.960629921259832,50.19607843137255,silver
7.407407407407401,0.0,2.9629629629629735,47.05882352941176,silver
12.418300653594764,0.0,1.3071895424836555,40.0,silver
0.0,8.620689655172384,17.24137931034482,54.50980392156863,silver
0.0,2.797202797202807,12.587412587412583,43.92156862745098,silver
0.0,10.852713178294579,18.6046511627907,49.411764705882355,silver
0.0,2.1428571428571552,15.714285714285717,45.09803921568627,silver
0.0,10.400000000000007,19.20000000000002,50.98039215686274,silver
14.492753623188396,0.0,2.173913043478253,45.88235294117647,silver
7.913669064748194,0.0,3.597122302158261,45.490196078431374,silver
0.0,8.139534883720934,20.930232558139558,66.27450980392156,silver
0.0,11.678832116788321,20.43795620437955,46.27450980392157,silver
0.7874015748031469,0.0,11.0236220472441,50.19607843137255,silver
0.0,8.633093525179847,19.42446043165467,45.490196078431374,silver
0.0,11.224489795918357,21.42857142857141,61.568627450980394,silver
8.461538461538453,0.0,0.7692307692307666,49.01960784313726,silver
0.0,0.0,4.651162790697659,49.411764705882355,silver
5.999999999999997,0.0,3.33333333333334,41.17647058823529,silver
0.0,8.235294117647031,21.17647058823529,66.66666666666667,silver
0.0,4.132231404958687,17.355371900826455,52.54901960784314,silver
0.0,5.691056910569131,16.260162601626025,51.764705882352935,silver
0.0,8.333333333333327,14.999999999999995,52.94117647058824,silver
7.89473684210526,0.0,0.0,55.294117647058826,silver
0.0,0.0,8.823529411764696,46.666666666666664,silver
7.971014492753616,0.0,2.173913043478253,45.88235294117647,silver
0.0,1.2903225806451568,9.032258064516116,39.21568627450981,silver
7.476635514018717,0.0,0.0,58.0392156862745,silver
5.645161290322606,0.0,5.645161290322606,51.37254901960784,silver
10.204081632653045,0.0,1.3605442176870701,42.352941176470594,silver
0.0,7.9999999999999725,15.000000000000005,60.7843137254902,silver
10.344827586206899,0.0,1.3793103448275814,43.13725490196079,silver
0.0,2.0547945205479383,8.904109589041084,42.74509803921569,silver
0.0,7.692307692307726,18.681318681318672,64.31372549019608,silver
4.964539007092201,0.0,4.964539007092201,44.705882352941174,silver
0.0,5.185185185185188,8.888888888888879,47.05882352941176,silver
4.878048780487833,0.0,3.252032520325214,51.764705882352935,silver
0.0,9.090909090909083,18.181818181818187,52.54901960784314,silver
0.0,7.368421052631582,18.947368421052623,62.745098039215684,silver
6.2015503875969,0.0,4.651162790697659,49.411764705882355,silver
0.0,14.150943396226415,21.698113207547195,58.4313725490196,silver
0.0,10.294117647058808,19.85294117647058,46.666666666666664,silver
0.0,10.483870967741943,19.35483870967744,51.37254901960784,silver
0.0,1.2345679012345636,11.728395061728389,36.47058823529412,silver
0.0,1.3698630136986254,10.958904109589042,42.74509803921569,silver
0.0,10.687022900763365,19.08396946564883,48.62745098039216,silver
5.426356589147268,0.0,3.875968992248048,49.411764705882355,silver
11.009174311926618,0.0,2.7522935779816415,57.25490196078431,silver
0.0,6.896551724137927,18.620689655172406,43.13725490196079,silver
0.0,3.546099290780149,12.05673758865248,44.705882352941174,silver
10.084033613445365,0.0,2.521008403361359,53.333333333333336,silver
0.0,4.761904761904767,7.936507936507953,50.588235294117645,silver
0.0,1.98675496688741,11.258278145695362,40.78431372549019,silver
0.0,7.042253521126756,16.19718309859155,44.31372549019608,silver
0.0,2.7210884353741402,12.24489795918367,42.352941176470594,silver
0.0,1.4184397163120717,9.929078014184402,44.705882352941174,silver
0.0,2.272727272727286,7.575757575757569,48.23529411764705,silver
8.181818181818205,0.0,1.8181818181818115,56.86274509803921,silver
0.0,10.236220472440953,20.472440944881907,50.19607843137255,silver
0.0,7.058823529411741,14.117647058823515,66.66666666666667,silver
9.85915492957747,0.0,3.5211267605633876,44.31372549019608,silver
6.349206349206349,0.0,1.5873015873015817,50.588235294117645,silver
10.687022900763365,0.0,2.2900763358778544,48.62745098039216,silver
0.0,7.575757575757569,18.18181818181818,48.23529411764705,silver
0.0,8.433734939759008,21.686746987951803,67.45098039215686,silver
0.0,9.30232558139535,22.093023255813975,66.27450980392156,silver
0.0,7.971014492753616,23.18840579710143,45.88235294117647,silver
